676
557 260
877 597
102 292
981 69
620 531
770 366
980 361
922 410
175 710
64 42
432 292
986 710
828 537
747 165
606 842
111 598
502 881
582 928
634 147
744 760
103 140
809 840
133 357
253 998
901 784
491 279
708 236
169 465
413 382
660 636
150 468
834 498
723 601
440 457
159 203
973 916
143 251
679 736
85 595
441 48
678 858
3 433
603 300
868 146
394 35
169 200
769 970
786 148
594 180
199 280
595 7
982 21
576 316
163 416
499 75
648 776
642 17
254 203
25 904
131 221
584 10
65 79
474 435
749 55
320 244
830 229
505 63
38 244
563 82
883 300
334 894
300 509
169 827
617 204
798 291
443 579
232 890
829 955
995 616
334 288
529 356
904 471
968 391
561 833
781 515
521 75
643 903
710 790
684 170
746 654
535 536
125 655
76 610
762 598
873 600
477 661
63 922
919 387
393 45
325 362
88 520
735 633
586 108
129 298
936 842
307 320
553 249
133 797
13 485
987 513
106 193
844 112
972 397
194 462
115 262
516 837
766 795
139 504
111 552
714 327
215 929
455 728
807 401
351 384
731 225
592 91
544 959
388 78
833 229
197 164
704 671
712 240
346 710
552 461
877 519
890 534
524 428
427 785
672 657
587 555
817 82
583 282
265 239
922 208
990 536
791 449
217 364
54 363
616 704
82 594
592 67
487 756
864 229
153 834
288 512
733 363
162 292
747 591
520 577
566 709
784 20
397 428
858 920
799 564
914 730
676 815
438 655
866 153
951 149
302 807
346 208
814 559
982 636
4 419
780 475
660 488
90 1000
870 509
978 816
682 945
116 981
581 527
600 529
194 337
130 541
175 1
81 833
864 476
432 611
793 694
878 359
193 284
845 565
926 604
898 609
818 666
695 480
50 573
526 293
725 380
128 177
283 850
949 657
625 890
338 266
549 341
154 13
590 769
477 370
859 747
349 753
98 487
307 870
9 640
173 395
895 396
137 66
793 575
176 422
76 252
465 898
491 632
94 998
688 868
116 231
151 334
618 231
72 57
452 423
58 528
449 205
588 436
754 88
244 908
604 965
933 557
477 233
348 838
911 506
893 60
765 330
135 63
33 530
311 15
586 991
6 861
474 602
439 78
501 625
71 416
1 734
610 551
784 223
54 292
251 608
395 172
336 214
596 85
754 499
665 921
202 980
705 648
151 99
172 688
734 284
604 610
396 217
102 233
389 582
527 79
617 118
863 682
945 982
986 210
488 314
516 985
63 186
470 208
238 388
674 646
880 340
955 587
46 241
683 135
412 90
654 491
763 673
924 714
164 502
6 175
707 663
339 391
739 782
514 168
73 108
225 618
763 316
618 694
323 470
558 19
681 184
248 20
706 570
767 651
161 565
277 478
124 349
72 580
786 826
501 369
170 745
295 173
990 40
270 39
220 211
891 980
48 736
413 909
297 555
991 111
911 109
65 164
918 64
590 947
468 5
594 307
996 729
755 561
553 739
506 999
698 279
754 228
82 290
181 594
624 83
536 356
144 328
768 511
932 60
704 461
374 310
148 730
14 126
727 788
42 819
796 92
86 61
356 830
311 525
970 95
323 781
44 145
187 852
848 623
149 762
818 204
807 38
949 275
972 125
628 876
1 271
8 573
416 166
495 974
163 941
109 324
267 605
172 454
463 844
501 104
203 813
42 413
700 704
990 574
750 332
261 652
825 78
20 618
120 845
300 567
202 638
1 495
661 280
133 316
900 540
879 661
126 960
412 51
586 471
43 458
846 505
625 589
740 405
832 712
293 178
914 578
207 299
389 731
802 187
539 263
258 722
270 464
433 130
535 124
38 616
710 398
37 60
450 145
772 172
540 657
782 357
238 845
585 428
916 52
43 253
19 714
551 590
967 95
229 779
620 237
702 764
12 41
770 564
881 542
140 250
8 708
393 116
613 469
163 694
200 401
403 547
245 201
474 430
320 672
868 249
964 205
219 566
24 889
592 879
967 652
571 928
170 847
684 949
797 11
578 229
830 564
587 71
807 667
160 811
804 90
406 955
905 51
23 323
197 539
710 885
554 779
455 342
311 499
189 142
557 669
313 763
550 897
966 812
817 605
18 209
479 219
385 145
500 740
603 351
64 203
919 114
812 183
551 898
278 170
416 652
959 950
197 638
593 138
909 299
366 218
604 814
500 787
276 191
334 497
642 331
41 673
915 346
609 595
952 562
197 971
961 458
316 798
225 676
201 304
700 596
11 405
822 617
642 478
728 703
20 27
846 442
969 943
554 647
163 829
560 482
413 868
743 386
859 474
474 926
572 351
344 522
820 346
851 430
947 506
368 496
906 904
510 659
941 649
490 840
189 618
78 816
893 774
818 530
361 24
360 187
263 545
964 63
60 89
335 226
515 219
642 144
296 193
979 785
109 241
315 199
66 214
728 535
269 831
480 105
92 509
709 787
447 215
142 11
753 484
343 224
177 267
970 191
917 648
303 530
234 384
862 510
334 170
655 595
569 33
584 728
39 360
661 982
310 990
173 109
252 317
529 520
628 654
236 447
390 511
693 257
101 330
119 259
345 638
295 653
285 139
749 942
456 974
985 162
74 382
875 747
56 914
85 415
168 652
303 939
365 774
401 794
918 981
290 230
719 327
445 10
699 712
314 972
530 648
161 164
492 167
50 4
470 450
776 271
951 645
626 984
840 807
326 437
617 847
735 128
455 583
7 557
594 796
411 461
925 955
322 262
1000 696
620 268
869 628
158 33
593 354
326 440
334 115
767 17
317 389
466 137
792 919
572 81
729 417
434 215
664 422
492 333
195 141
761 561
853 803
259 60
823 233
143 506
707 242
96 117
709 70
798 326
525 561
779 183
194 811
455 157
265 25
435 650
738 670
653 759
293 152
369 87
399 397
487 772
277 489
460 961
113 887
514 827
182 957
739 846
507 415
420 77
281 517
442 759
972 641
408 310
830 685
968 317
135 452
451 100
781 228
72 338
7 444
558 75
911 19
502 330
579 175
196 580
846 298
129 606
466 753
706 368
685 769
69 427
385 922
466 730
468 670
