483
490 354
718 50
822 772
659 172
565 148
436 564
156 204
288 120
166 837
429 404
203 938
166 772
487 749
322 567
193 397
708 972
737 27
969 841
232 645
884 193
636 376
635 384
721 130
36 973
113 416
154 239
661 314
352 57
898 803
411 577
191 305
577 661
357 719
845 618
330 813
58 131
355 875
317 111
688 306
544 582
11 772
755 144
622 398
434 835
526 40
611 962
155 732
375 533
498 698
991 639
759 643
933 452
295 994
799 832
844 937
598 470
841 292
946 358
64 864
673 934
403 967
541 935
386 298
816 926
746 698
701 588
831 796
472 275
325 289
53 901
151 592
268 420
41 144
266 144
314 698
834 675
253 725
18 436
494 200
464 786
1000 417
532 172
808 449
489 26
808 871
849 454
609 96
905 387
50 863
360 362
31 695
785 966
714 525
819 659
740 906
807 265
628 837
632 144
691 505
516 866
573 90
631 942
223 319
40 445
522 338
85 236
2 980
575 806
543 365
843 684
739 781
578 291
855 790
964 622
682 739
81 369
64 696
442 651
126 935
772 913
935 768
377 712
407 295
674 219
89 243
2 296
211 976
179 505
422 139
317 188
85 643
996 916
547 943
943 300
381 114
326 736
97 310
845 222
689 407
5 639
374 284
357 233
768 659
875 439
173 499
150 974
917 654
499 208
980 271
604 260
383 211
367 601
833 66
863 504
490 211
86 128
302 97
554 780
289 914
888 775
768 52
508 129
231 458
190 595
226 213
599 138
875 921
217 98
643 917
21 557
53 977
835 205
14 74
810 1000
90 292
686 19
837 51
158 536
271 1000
780 307
736 233
438 900
591 680
91 857
404 214
211 216
287 716
411 601
417 340
957 108
955 447
456 373
491 136
186 835
147 921
373 675
459 691
761 913
325 340
110 284
125 756
296 699
684 593
599 336
503 492
73 168
456 28
769 35
39 826
69 387
235 821
571 111
240 562
476 878
752 767
985 283
640 571
367 962
955 713
615 694
80 426
929 525
265 500
834 337
294 160
790 979
847 452
343 864
758 16
971 193
992 229
128 234
454 553
924 841
706 927
848 682
312 343
757 912
27 21
206 80
718 17
667 430
292 295
62 287
551 271
246 931
713 470
54 164
301 305
36 672
494 241
966 528
257 957
162 710
934 409
161 912
660 61
786 938
819 234
41 131
67 949
95 256
884 902
421 284
197 795
195 854
35 260
830 153
110 988
30 529
891 422
112 496
654 732
806 674
202 565
340 688
995 772
961 243
820 740
402 553
101 220
912 594
958 433
706 465
272 741
488 691
770 360
760 881
771 415
339 538
876 476
739 445
972 357
409 98
701 113
283 482
273 841
425 947
596 107
518 190
552 804
432 964
206 968
988 566
912 49
605 827
602 280
263 639
33 197
737 592
902 699
360 797
307 748
805 496
401 60
242 674
96 525
429 163
119 558
895 8
794 789
224 39
442 374
261 684
874 185
739 802
215 614
890 989
787 99
561 226
331 230
351 327
189 837
737 84
914 681
747 260
552 758
775 364
728 970
837 678
832 874
534 52
995 60
938 757
652 566
552 340
169 817
343 821
357 691
691 498
935 252
364 934
487 6
461 607
535 6
340 458
191 518
21 811
777 138
53 534
600 704
999 235
305 273
629 532
606 376
35 160
858 115
856 666
400 447
121 713
606 69
5 319
957 727
132 45
564 851
565 338
720 561
776 808
251 264
319 781
909 2
632 463
243 288
95 703
850 198
433 545
607 934
779 441
229 813
548 517
167 456
445 256
693 946
809 562
891 583
290 165
748 898
821 637
816 884
817 199
630 839
157 210
623 660
675 996
904 294
370 543
891 233
664 734
386 79
750 619
909 35
690 297
579 60
629 794
112 434
798 812
766 728
669 397
114 970
107 566
584 607
762 286
230 916
352 272
144 368
567 119
678 454
859 811
628 729
206 764
938 43
278 794
326 736
326 972
379 908
904 552
995 963
346 215
90 618
951 139
33 179
728 979
239 294
658 190
55 291
62 151
752 57
115 42
662 532
137 509
576 426
147 662
345 350
48 434
905 178
124 349
478 858
251 559
651 171
828 851
339 55
584 735
440 936
442 942
507 966
126 148
310 299
113 629
620 828
1 76
469 693
456 488
797 188
856 900
914 422
325 526
165 393
763 657
21 275
617 351
260 791
298 115
528 309
