933
502 672
236 709
53 783
924 22
293 423
835 513
473 683
965 961
783 423
382 102
456 733
682 579
727 593
123 849
259 998
949 49
566 843
112 341
299 227
769 242
557 809
81 724
150 290
468 866
304 618
689 7
419 425
830 607
672 971
341 504
35 667
773 222
331 497
721 38
959 1000
149 791
845 290
93 51
34 970
528 58
886 637
273 315
686 126
340 96
980 675
446 862
383 503
699 466
821 755
540 524
56 181
3 758
278 46
827 541
327 687
296 631
842 244
969 24
839 237
815 864
980 8
277 335
768 725
128 651
950 687
873 13
983 521
15 10
535 498
469 741
783 941
160 481
686 391
248 204
680 213
374 481
327 94
630 489
537 504
99 841
34 531
132 791
466 359
201 181
18 700
541 875
420 961
782 808
9 386
201 917
422 203
728 572
567 40
136 616
196 291
664 595
403 769
630 526
187 469
522 194
519 266
79 16
301 174
556 720
20 285
874 995
950 703
151 121
238 879
772 777
216 85
153 671
988 745
270 98
643 828
432 175
793 843
246 895
401 220
567 360
819 68
46 839
364 706
484 207
605 800
635 860
32 837
488 7
951 96
270 816
499 633
397 618
595 597
231 964
204 777
190 714
408 194
329 148
100 386
219 545
743 832
943 27
537 92
97 918
764 642
944 739
171 475
124 834
42 792
315 200
995 118
358 131
65 56
166 19
712 526
818 819
859 320
549 348
746 923
956 13
721 282
725 321
315 789
425 990
295 183
738 159
792 820
450 25
6 134
946 310
57 918
861 779
215 161
493 749
641 406
217 422
100 573
928 314
934 205
234 516
521 383
255 542
140 968
93 462
923 498
687 616
155 4
877 927
440 267
137 452
758 660
666 696
442 609
624 705
721 806
823 949
869 579
973 688
636 276
969 762
245 890
93 947
279 335
69 140
705 733
670 60
410 753
709 892
730 756
409 662
774 214
630 134
132 468
950 978
698 982
704 456
649 652
395 790
624 786
876 556
892 16
606 31
848 434
206 653
875 148
335 620
522 85
581 937
788 247
33 572
431 876
330 95
645 458
4 260
960 552
554 841
905 29
945 674
750 101
721 212
143 468
478 923
534 463
986 539
284 296
458 248
660 357
122 961
747 596
439 637
738 993
915 52
581 22
186 306
969 80
111 875
55 79
941 688
603 193
752 327
4 118
255 68
94 41
829 98
381 964
939 239
873 693
939 676
860 369
405 454
854 573
752 743
564 254
847 557
448 327
538 621
832 659
62 252
788 287
285 490
455 403
590 269
701 901
783 415
44 907
17 385
929 688
766 294
368 332
552 221
241 215
632 496
985 90
87 43
177 919
616 154
52 40
855 113
709 736
239 730
798 301
109 233
749 122
489 400
912 112
936 711
944 819
823 393
399 697
554 609
93 408
59 379
472 77
302 140
955 984
181 968
807 526
598 996
254 553
530 278
271 659
927 180
119 412
486 871
567 839
86 161
856 864
303 47
679 319
690 743
587 424
769 974
94 1000
826 920
72 259
245 789
54 446
387 9
18 161
230 782
581 943
940 40
320 177
362 986
707 361
385 598
258 681
750 27
426 652
860 553
254 390
3 214
967 748
630 231
462 758
228 132
535 215
705 43
976 12
877 947
630 885
883 213
24 580
270 622
181 10
478 508
192 117
388 155
101 112
630 314
456 642
705 930
360 978
127 509
322 590
364 888
5 540
687 329
260 400
586 845
195 598
1 637
875 695
918 257
489 640
455 42
703 256
230 673
890 289
444 370
166 138
788 937
675 988
977 922
271 216
861 764
412 594
667 570
244 708
917 419
152 256
610 817
900 979
384 549
724 516
109 275
942 980
388 648
397 18
882 500
631 164
772 667
904 896
369 220
626 279
22 88
642 874
576 8
304 702
903 580
514 512
169 869
781 684
565 801
558 549
515 993
13 371
939 386
297 61
506 239
260 525
925 923
865 349
928 875
367 154
24 675
875 255
256 449
710 588
841 427
625 200
722 46
830 222
722 786
320 660
626 765
190 486
623 22
733 483
1000 928
173 146
150 847
976 637
85 122
869 918
831 70
531 18
185 671
32 971
751 732
92 484
346 350
605 547
784 838
855 383
480 554
901 576
786 280
711 476
915 146
839 988
999 773
318 469
42 5
906 594
306 377
581 812
447 886
568 946
602 865
563 687
205 321
135 928
672 46
29 700
422 13
78 257
300 474
598 414
600 834
503 644
769 2
750 821
664 660
379 883
482 767
822 760
518 237
120 865
850 136
823 18
724 451
876 95
207 600
365 677
431 691
105 71
960 792
989 228
568 307
175 468
159 233
701 971
199 556
728 213
251 3
674 609
691 198
199 361
81 754
270 662
783 423
402 730
196 629
90 124
740 53
440 50
95 481
542 431
774 794
308 202
965 291
934 858
981 49
805 492
887 157
95 713
193 532
790 321
271 63
797 280
271 943
473 427
764 845
455 19
657 358
911 448
587 592
888 256
349 604
49 996
847 327
519 475
898 161
741 576
331 64
207 374
750 155
648 114
881 658
994 691
182 561
97 894
417 176
515 552
31 867
372 558
971 368
878 586
837 468
382 887
375 21
928 17
441 713
46 953
61 868
809 245
806 121
309 895
872 277
239 517
944 271
558 687
393 937
590 493
787 262
327 334
870 182
772 733
213 982
634 549
824 619
735 950
275 809
688 219
329 64
678 669
617 402
324 338
523 735
443 804
701 89
70 251
191 174
717 235
988 621
157 614
854 121
749 788
850 243
422 748
313 602
128 247
17 17
694 510
680 227
138 443
512 533
956 643
584 938
23 767
596 920
569 214
885 58
887 689
127 412
409 539
352 887
365 221
801 922
217 438
160 856
758 884
632 591
670 516
757 503
939 369
490 361
589 256
130 473
980 33
236 653
719 796
498 706
907 554
711 559
456 318
213 137
639 406
485 258
98 996
253 132
223 756
120 12
961 998
873 45
107 90
169 457
962 307
70 773
893 738
310 953
109 94
915 386
220 300
653 608
97 112
775 479
784 592
428 14
919 649
921 978
947 123
609 241
464 914
815 372
357 737
799 118
228 449
958 900
542 290
448 639
161 190
631 412
254 211
365 571
666 339
792 968
320 142
13 824
322 211
542 555
84 188
674 172
632 499
522 948
360 1
732 409
519 988
954 702
118 52
625 897
258 872
778 918
891 22
345 346
450 30
473 261
604 780
867 159
765 252
529 470
29 937
136 85
379 758
932 536
50 44
984 612
263 855
481 855
793 745
318 740
940 154
121 319
190 266
212 589
88 216
949 834
122 87
78 747
556 95
673 356
153 41
484 427
412 98
466 369
110 473
405 785
249 256
587 988
286 130
77 523
408 761
494 101
178 603
349 960
7 746
828 523
975 933
45 761
660 111
799 740
746 898
225 157
297 83
966 64
123 16
759 823
539 494
187 771
938 674
247 807
274 853
225 729
732 838
325 224
823 133
322 40
756 253
398 256
413 242
679 416
969 729
999 369
563 958
489 712
589 268
701 650
232 164
311 464
629 15
589 301
333 381
178 93
278 108
548 139
309 138
528 991
784 251
108 388
52 556
438 32
136 117
787 901
250 495
793 659
568 21
157 5
906 386
991 29
651 269
827 148
290 545
38 327
677 694
799 668
745 747
469 481
436 493
262 920
667 672
744 351
350 393
708 735
669 999
568 798
618 923
915 589
668 249
983 345
538 124
981 967
541 968
762 578
212 74
520 883
252 118
16 493
476 732
210 158
701 588
895 575
462 214
437 102
56 724
826 659
706 269
943 906
789 940
205 126
728 743
575 522
635 522
545 266
413 122
902 602
198 714
136 729
853 898
319 846
170 73
498 976
105 914
252 923
51 446
213 213
437 259
429 84
852 353
577 206
320 133
991 186
651 694
983 821
532 512
72 971
542 729
574 311
615 877
327 937
16 262
70 712
778 629
363 68
977 129
670 867
790 404
470 652
101 247
246 720
192 965
920 848
914 715
25 717
773 882
944 707
914 258
1000 490
807 985
738 242
383 763
704 521
776 784
848 762
217 844
696 744
193 410
719 742
211 169
523 664
920 898
442 376
218 260
356 838
514 718
29 1000
315 352
311 913
231 371
374 746
397 301
713 564
163 84
997 850
428 237
686 834
555 713
611 895
887 835
53 943
238 272
128 340
237 932
497 107
294 807
379 957
46 127
967 594
373 33
778 269
63 798
954 286
940 939
