218
966 465
404 367
927 726
860 657
833 387
977 285
404 776
992 402
831 358
441 927
412 9
924 803
376 292
859 980
911 974
647 424
795 397
783 604
133 173
974 234
394 364
958 247
447 268
94 161
157 635
949 737
354 444
731 302
353 39
925 295
553 447
965 605
753 965
892 327
253 704
462 340
684 192
670 287
355 877
331 272
499 695
245 272
770 622
971 413
699 455
620 916
457 288
776 727
892 914
896 979
79 682
345 303
834 559
306 818
824 492
434 106
852 595
498 478
863 197
417 780
773 496
443 135
753 62
854 253
982 533
986 160
688 320
761 42
708 429
685 734
391 602
192 152
692 231
989 912
778 108
661 588
713 477
409 643
116 925
682 614
923 188
10 592
457 537
823 189
419 789
463 447
201 349
183 633
820 403
890 64
784 581
338 447
494 629
495 530
460 211
947 731
129 310
924 671
48 892
847 224
327 608
554 324
401 79
178 791
451 28
645 859
169 957
299 427
601 533
874 339
163 900
199 566
436 532
13 271
820 763
534 752
912 344
909 810
515 1000
573 236
328 341
165 824
339 424
219 884
186 774
320 435
710 321
363 239
460 994
829 837
676 856
511 460
927 438
767 57
415 548
293 230
831 649
609 477
878 53
5 847
94 600
258 40
890 466
449 199
124 691
892 892
751 149
285 937
465 553
988 162
412 599
154 966
897 165
890 217
797 834
198 450
601 804
714 986
745 299
614 501
500 398
334 450
822 537
316 277
820 820
219 750
656 155
279 609
899 159
792 929
42 532
751 219
569 467
306 404
368 622
206 981
291 509
496 51
742 704
712 497
113 481
192 712
359 510
929 445
99 353
490 959
127 693
794 583
340 99
449 560
316 322
578 113
160 682
421 804
946 672
200 632
856 980
4 999
427 439
537 408
602 936
920 714
548 744
299 448
246 906
990 55
259 614
602 356
290 418
494 742
845 132
914 710
907 890
739 359
451 926
696 961
704 291
837 771
