899
512 433
19 751
189 895
630 461
735 749
456 914
704 188
513 497
253 106
504 342
189 423
598 1
601 837
565 645
493 595
696 614
893 254
460 922
91 492
20 523
990 907
996 275
15 181
47 80
945 624
399 804
528 755
726 410
474 983
114 379
918 617
598 603
462 759
400 997
707 236
15 878
132 385
320 590
431 303
365 788
597 292
828 635
46 411
799 263
386 406
706 451
393 161
732 552
215 297
41 302
552 982
114 888
976 790
630 480
68 742
192 599
795 794
293 193
592 402
370 207
485 864
622 569
136 835
804 544
819 816
72 887
730 157
154 423
577 393
837 927
125 857
456 689
372 333
931 18
595 578
903 223
25 863
617 253
84 666
93 862
866 989
905 474
17 196
164 49
552 331
664 980
217 313
290 646
480 617
258 616
619 172
584 628
463 888
85 835
129 545
493 633
42 87
809 435
959 554
897 141
995 921
387 230
129 490
854 120
995 82
101 178
446 637
593 161
172 161
99 137
148 138
210 526
391 461
55 94
953 306
560 901
461 983
336 306
518 386
175 40
902 720
789 422
834 510
399 897
517 653
90 31
747 579
220 690
660 881
433 244
487 735
494 35
174 131
72 731
279 971
485 496
278 305
884 595
654 714
247 207
820 324
410 83
895 682
61 887
277 843
496 778
56 629
844 353
521 812
326 521
983 333
654 42
930 829
713 892
780 697
811 632
864 10
99 266
694 988
278 768
66 394
116 443
296 807
515 946
107 620
949 315
842 251
509 210
462 509
131 468
940 411
594 773
792 330
500 164
257 550
188 409
235 684
867 510
142 765
182 629
110 183
63 653
961 548
993 625
97 888
311 463
80 582
727 299
304 757
826 934
598 869
585 583
694 575
370 936
167 60
649 275
129 827
26 564
412 169
756 809
462 335
679 536
980 636
985 836
174 799
338 897
992 541
640 440
878 538
419 699
983 516
646 853
607 550
266 93
138 364
841 629
472 663
27 188
903 330
354 371
786 956
21 255
869 196
456 568
341 508
333 732
27 904
942 841
129 171
846 771
472 533
455 418
939 414
613 820
540 613
862 988
7 376
77 650
701 570
423 481
599 852
445 223
985 886
544 908
477 790
378 351
454 719
892 136
882 654
8 975
82 281
380 110
26 257
883 658
986 522
263 811
792 233
957 844
760 483
97 940
136 668
384 422
995 280
250 857
264 867
375 805
832 100
628 532
917 696
911 156
88 754
355 147
750 978
683 844
40 509
659 274
545 241
277 196
413 448
296 938
339 611
891 252
514 566
674 454
803 633
643 630
203 460
314 21
124 566
104 892
431 921
268 52
145 805
849 636
715 6
405 874
977 676
293 132
299 652
609 520
306 643
210 383
455 279
546 717
686 635
967 646
234 486
249 536
408 514
757 353
114 724
754 845
691 769
698 777
313 584
631 489
99 125
329 933
584 799
336 445
48 355
174 79
445 669
802 974
521 375
325 314
96 870
600 320
122 246
319 424
899 886
187 535
542 178
440 154
20 643
367 836
957 817
901 639
65 910
885 571
131 136
505 514
727 488
958 120
315 190
421 354
996 421
172 600
769 894
933 906
145 798
463 464
482 589
27 588
275 197
788 422
780 19
296 250
241 154
126 738
39 967
376 255
768 293
964 702
439 730
66 285
583 88
466 694
87 874
918 169
5 473
376 777
315 243
164 533
319 426
387 82
317 982
873 465
468 139
545 558
742 247
936 763
599 445
313 659
953 561
712 440
38 64
539 108
16 46
239 618
672 122
158 207
460 206
216 793
168 157
831 886
294 784
269 220
332 274
302 846
976 321
323 612
605 389
880 647
501 973
397 609
349 851
165 647
209 453
902 463
416 3
570 753
424 847
121 554
811 638
782 776
686 166
859 110
630 703
297 237
113 660
792 659
113 966
285 804
205 696
106 325
255 544
713 744
335 722
796 145
746 262
569 524
149 606
619 215
506 447
528 908
795 313
500 662
732 112
632 565
404 854
708 172
11 183
443 116
355 669
854 503
876 923
694 546
491 509
5 335
215 218
823 931
884 597
828 60
149 961
434 52
755 24
434 328
709 647
48 962
349 830
344 441
897 963
704 49
671 24
696 435
17 298
137 753
631 993
798 361
97 515
920 63
359 608
572 189
393 45
239 898
227 512
952 717
265 472
244 448
305 603
803 444
286 51
830 309
225 624
571 988
418 53
443 569
409 142
823 210
193 283
117 583
462 713
712 265
986 856
345 361
724 631
749 369
183 811
629 995
102 167
164 765
923 652
354 495
441 258
756 182
563 910
445 107
804 809
621 299
120 381
731 574
726 550
153 330
156 110
944 63
588 828
390 903
124 598
522 241
107 518
943 568
508 635
463 223
543 999
224 25
367 642
375 732
836 864
559 19
7 665
280 504
232 248
738 592
540 249
179 129
537 288
352 252
22 996
760 949
344 401
876 241
693 962
99 22
772 427
490 459
173 361
453 221
525 793
140 514
97 696
608 872
223 20
935 349
375 281
959 787
233 198
167 545
813 529
193 956
565 797
832 802
672 416
808 233
317 381
10 550
259 509
417 841
523 487
444 810
686 225
893 38
301 747
732 698
337 307
203 43
983 440
939 918
387 571
911 389
282 454
411 147
961 224
43 946
644 258
921 16
317 925
195 431
455 262
954 373
514 92
679 545
491 731
727 369
96 604
375 40
52 515
446 596
955 566
404 763
15 637
198 567
574 81
722 649
801 246
851 359
371 909
111 602
641 930
229 198
886 951
201 699
356 984
341 364
903 374
955 974
127 622
158 636
684 718
288 33
138 930
442 785
539 601
494 468
615 621
887 163
142 520
275 758
14 256
748 407
379 266
560 789
429 641
629 328
342 794
155 261
757 760
650 795
6 220
29 632
483 187
151 103
810 737
856 159
722 950
179 544
157 427
486 885
529 216
96 108
907 988
206 493
780 169
368 183
199 556
404 375
259 540
993 419
114 875
897 684
486 406
257 872
761 545
707 827
452 868
133 637
466 982
520 367
148 862
422 395
836 64
664 469
727 489
296 95
12 388
659 24
890 150
535 657
900 580
427 532
169 57
275 523
462 202
289 12
632 697
870 85
362 512
81 891
716 797
326 10
642 50
227 145
53 36
654 817
567 799
1000 855
687 965
288 472
897 5
527 932
9 336
640 19
918 96
642 419
517 220
463 115
929 926
493 835
765 521
185 965
434 493
569 652
281 958
98 469
393 453
169 905
884 885
793 885
406 177
393 823
51 617
814 8
822 416
420 580
486 299
970 276
421 964
185 981
917 135
185 87
151 115
66 4
977 404
167 613
678 535
681 268
206 766
382 92
550 143
918 567
283 302
593 103
696 428
635 521
323 716
492 578
797 814
714 208
508 72
570 262
66 911
121 976
140 100
727 794
262 778
918 307
167 142
39 830
744 401
352 481
527 88
669 745
94 256
208 219
381 902
962 285
468 865
88 826
76 891
435 779
239 48
328 757
705 654
313 147
401 554
345 672
954 277
426 680
160 963
532 37
387 898
796 539
1 507
178 636
718 700
650 227
520 111
995 755
868 904
979 499
60 767
610 645
868 484
616 804
330 160
290 166
642 202
886 152
113 714
396 399
683 122
290 586
845 141
965 901
889 327
607 761
43 502
171 834
70 588
434 483
595 680
411 848
383 231
726 627
707 702
514 621
32 231
461 287
140 740
919 967
403 731
131 92
951 295
875 102
835 76
553 902
790 125
905 563
689 534
737 852
745 263
587 97
686 641
965 604
336 708
578 126
193 123
34 39
754 891
102 2
11 564
986 429
526 790
16 385
136 263
787 503
398 366
607 651
684 929
330 628
336 685
101 861
883 150
156 845
688 471
454 554
704 523
697 709
207 83
779 475
155 444
54 792
623 861
234 738
42 349
157 529
118 590
203 821
277 918
286 653
394 166
937 671
512 275
718 343
731 102
257 925
682 686
878 351
926 665
709 161
388 498
219 141
490 596
734 393
905 71
100 303
195 828
577 995
65 792
583 603
608 327
16 842
253 858
639 740
449 732
895 392
459 478
222 776
695 76
