460
604 487
403 175
352 839
959 253
1000 621
731 769
600 438
376 755
818 130
732 312
999 585
123 361
296 855
866 173
735 676
486 558
505 478
33 230
67 537
249 455
403 213
490 653
711 503
359 118
556 239
844 754
196 34
346 887
91 400
67 758
636 599
579 383
954 65
925 6
350 818
284 407
502 829
197 499
215 984
995 674
335 404
881 840
331 504
750 643
216 814
927 579
10 832
911 858
610 396
404 191
83 521
417 583
691 695
629 902
383 231
485 881
551 997
234 521
473 353
705 629
813 499
760 419
663 987
562 761
149 608
899 850
984 528
634 504
710 152
333 301
137 942
685 306
547 467
516 697
969 180
166 257
990 448
870 276
106 467
429 184
462 703
303 810
699 492
875 839
662 96
550 851
430 641
378 342
815 130
803 406
826 499
724 850
983 746
869 633
586 665
189 826
775 849
165 559
301 424
230 283
915 941
597 10
355 289
17 982
449 799
55 240
737 487
208 451
133 546
870 147
358 926
365 601
328 41
964 27
683 773
577 225
819 611
835 496
249 168
536 653
881 808
938 251
681 419
68 403
88 390
255 431
966 914
77 752
432 54
551 713
584 357
40 12
436 633
134 166
230 60
570 524
182 21
753 574
495 251
734 296
860 624
381 185
601 644
599 640
745 624
742 717
250 33
299 819
295 806
199 423
68 660
786 585
306 709
75 51
129 203
105 196
723 112
924 399
151 937
812 52
239 945
28 662
727 550
816 558
373 175
22 872
839 23
471 488
353 591
784 636
710 777
778 618
936 583
414 157
77 764
774 588
172 833
389 310
789 969
655 333
599 693
504 350
992 995
234 657
867 770
904 667
437 254
755 895
807 278
509 914
579 802
419 178
58 67
989 500
49 969
635 832
429 989
169 416
843 969
870 943
707 723
930 584
99 102
775 741
435 25
285 181
617 662
713 364
983 936
902 449
602 300
984 675
699 111
820 486
800 185
491 622
103 839
896 676
126 449
884 321
187 493
134 659
706 851
673 948
349 85
826 127
24 416
264 964
348 240
488 574
964 724
580 978
241 153
999 33
387 347
874 533
627 707
961 505
591 88
673 552
522 823
686 242
102 467
877 974
804 205
151 953
883 4
495 820
140 635
137 938
521 273
852 986
253 822
523 531
187 130
974 419
313 658
435 686
540 131
919 314
97 749
309 105
973 358
193 594
282 65
152 456
603 953
843 708
275 309
413 252
604 387
241 635
611 880
528 86
889 481
171 1
125 534
143 633
516 64
149 464
504 68
872 866
420 16
727 458
999 161
161 496
354 604
396 372
992 508
410 141
750 780
100 195
653 231
665 830
400 619
591 553
816 42
680 891
496 504
313 386
498 124
295 952
788 532
393 779
762 493
830 564
4 899
827 265
686 533
476 782
152 557
775 707
151 481
587 829
41 510
121 122
413 247
566 507
635 972
851 752
155 638
727 91
861 27
371 441
477 806
768 689
22 561
932 146
298 26
148 172
682 543
482 307
829 316
878 68
165 7
359 375
981 207
970 839
207 670
895 646
503 671
680 727
456 560
713 670
447 284
804 431
75 77
370 187
34 562
673 239
83 646
934 855
138 223
852 311
77 847
17 114
400 832
242 922
674 834
265 819
191 559
749 922
287 970
821 209
771 555
657 160
90 182
319 24
365 473
804 556
910 298
292 292
352 389
951 212
262 764
120 910
414 469
983 587
167 156
910 224
270 30
746 146
925 911
659 663
323 503
153 253
182 446
297 316
463 755
363 945
942 642
770 759
801 964
546 977
221 508
681 519
629 959
780 444
528 973
986 736
468 683
755 737
698 908
326 966
991 888
555 336
377 172
170 395
54 345
381 212
38 482
954 823
490 505
471 769
814 259
122 592
784 322
9 887
707 665
629 535
616 978
595 252
164 960
696 17
97 557
646 536
162 825
780 409
539 639
502 368
45 830
718 478
389 116
636 849
889 445
130 133
813 376
924 322
488 302
615 425
28 322
71 595
231 523
490 856
184 827
821 313
672 22
207 880
314 393
390 42
215 93
458 896
173 554
344 250
653 778
452 56
259 999
536 167
903 597
416 377
