803
83 464
558 724
918 476
938 514
91 239
830 173
451 252
796 661
271 340
628 253
260 868
295 509
124 498
600 189
593 271
488 404
954 756
385 375
823 816
937 72
1000 296
575 210
13 573
3 118
381 950
980 295
515 693
635 808
399 401
888 645
715 608
754 681
699 263
649 921
658 628
944 937
924 519
967 597
168 256
331 467
70 167
146 496
253 301
456 608
676 816
254 274
516 25
369 81
44 235
453 224
301 515
390 502
562 202
324 766
303 29
373 775
344 168
45 558
80 919
418 345
534 157
168 734
718 893
28 86
587 914
462 960
300 624
124 150
648 858
791 854
783 692
998 794
525 803
918 449
461 700
723 343
190 461
177 629
968 851
421 800
859 96
913 355
380 155
155 646
508 80
883 958
241 168
195 911
861 731
850 422
773 197
171 206
554 133
431 142
458 234
67 772
336 590
14 685
505 18
369 608
627 677
414 970
920 65
980 459
993 229
701 527
29 225
24 695
695 750
793 359
390 991
924 376
637 153
878 590
331 99
916 766
169 534
995 851
451 602
545 604
931 912
574 939
189 51
463 297
574 476
507 245
430 169
249 50
187 230
193 403
698 717
110 546
393 302
843 87
683 303
31 27
660 343
595 898
449 874
584 944
922 732
78 343
913 924
266 971
340 803
599 263
206 122
495 977
306 891
570 105
673 307
528 470
31 402
916 214
829 575
736 511
899 855
984 279
625 368
507 259
457 459
41 848
468 539
186 117
57 850
167 67
8 844
768 314
436 262
634 376
655 428
265 63
898 37
365 706
579 270
918 740
224 975
270 107
864 737
814 558
29 925
433 542
496 2
606 188
115 539
649 704
423 840
733 569
482 743
919 94
173 231
26 91
882 354
239 466
297 626
704 637
798 783
671 378
461 93
655 868
292 849
252 728
827 107
312 30
375 791
423 115
410 235
847 281
640 98
516 719
948 790
961 522
164 660
986 163
30 807
970 75
285 447
607 842
373 992
404 478
632 204
724 151
524 962
835 594
955 973
923 776
997 100
235 273
949 642
65 740
951 488
327 434
487 592
971 572
694 315
236 995
371 32
642 523
430 581
647 169
102 51
517 243
24 571
834 904
658 608
930 795
196 739
709 13
44 862
330 473
612 767
746 935
769 183
502 495
784 722
548 708
563 43
512 234
794 238
337 723
44 479
795 298
567 95
83 60
985 750
868 115
128 85
889 628
77 597
945 171
184 239
562 404
66 403
705 791
682 438
441 82
444 72
640 332
928 941
618 690
725 218
727 331
828 272
942 865
111 96
658 711
499 525
424 718
494 727
524 661
534 953
907 929
838 104
433 486
688 606
440 495
517 288
15 336
37 480
463 383
645 779
702 714
612 756
596 590
402 489
800 766
361 323
46 808
673 693
441 655
250 117
970 280
601 101
477 355
337 407
140 72
149 149
776 358
127 695
862 878
893 42
29 323
217 768
878 670
658 187
870 261
654 588
222 282
599 787
482 588
333 359
96 985
493 925
198 558
483 483
923 11
423 163
581 139
284 751
872 929
743 128
48 465
193 659
562 744
41 116
864 110
403 2
740 570
530 884
689 964
30 685
151 582
358 948
15 137
334 971
821 356
140 505
381 782
550 370
614 572
86 794
317 699
987 396
653 153
861 854
686 225
549 106
282 406
428 925
566 975
599 613
329 555
114 347
58 844
706 887
405 93
79 281
875 497
38 780
453 242
561 594
789 169
740 236
712 710
832 115
473 471
186 917
954 213
800 132
868 82
958 208
579 772
683 250
543 229
341 294
218 361
311 300
598 495
980 46
364 608
377 674
617 398
137 846
238 320
954 665
947 387
471 797
850 355
790 739
325 739
523 18
269 59
713 135
346 908
705 675
951 406
676 268
914 194
395 95
814 545
511 66
100 902
334 657
911 782
262 700
503 628
229 908
421 819
623 805
213 387
719 865
777 237
616 721
364 408
85 229
174 627
712 534
574 324
652 238
522 75
352 919
428 289
882 750
288 865
435 956
645 837
435 698
281 500
156 556
231 448
843 983
845 309
975 250
909 279
720 804
823 504
656 456
970 517
679 625
193 200
792 260
629 829
198 46
696 236
445 832
511 603
4 87
886 345
129 976
737 101
435 309
285 31
167 456
312 901
677 902
529 252
847 249
748 702
719 888
8 91
583 798
949 851
26 683
555 957
419 501
18 492
956 829
991 351
665 202
706 74
649 633
468 824
917 350
584 169
982 496
742 625
394 945
764 594
199 577
367 633
694 85
279 20
872 431
297 214
316 596
540 34
176 50
873 476
262 742
797 297
803 388
385 20
625 807
351 618
535 849
943 175
35 789
152 283
257 768
408 176
629 589
719 427
947 387
323 788
966 342
61 750
867 541
867 172
214 680
656 421
873 213
848 677
296 314
415 579
88 902
426 206
37 66
276 328
354 363
667 796
95 223
497 902
178 21
405 595
758 343
47 430
437 26
36 151
565 30
125 763
913 767
792 898
373 520
303 843
538 168
615 409
477 490
861 669
327 233
848 764
737 399
895 263
842 768
444 688
616 69
613 473
493 97
504 941
130 383
699 880
542 604
86 896
347 937
450 462
971 953
529 469
991 453
602 621
558 601
245 631
763 486
356 428
153 84
119 398
804 716
472 226
880 656
21 738
143 830
659 70
3 948
202 397
694 457
508 549
588 225
100 372
356 336
542 917
166 611
464 735
318 243
286 211
927 359
102 980
799 343
117 562
883 252
414 753
233 454
212 178
901 215
711 626
679 54
563 171
289 266
571 954
781 866
126 987
630 624
445 696
105 767
355 310
363 244
213 741
119 778
690 829
558 638
560 141
235 443
950 916
486 496
192 730
322 208
121 175
591 500
798 829
151 240
303 791
855 193
645 710
738 2
542 743
942 987
682 43
945 650
139 767
749 5
225 395
294 942
344 375
442 902
109 959
694 793
875 170
617 726
41 796
770 274
883 23
646 127
803 905
53 515
485 146
365 111
428 905
605 49
188 471
837 53
537 39
28 298
994 912
415 416
180 346
806 756
577 630
990 473
422 717
361 531
994 663
565 577
114 386
517 166
618 961
776 731
866 264
606 131
582 49
739 954
345 227
881 291
717 658
113 989
279 63
949 562
640 803
340 16
432 365
150 188
206 608
161 949
675 942
833 797
813 848
448 451
839 323
174 357
90 882
904 693
593 482
777 107
656 432
751 426
527 645
630 823
241 795
343 1000
210 118
275 478
11 742
161 946
295 693
975 374
580 39
768 755
600 467
790 353
804 132
744 89
684 857
1 110
783 703
751 564
610 102
243 901
354 348
833 445
602 930
365 484
7 857
325 767
203 400
43 428
542 117
345 932
268 533
985 28
573 177
682 440
334 388
349 630
64 227
228 153
627 706
379 464
248 619
91 740
297 87
21 850
407 868
188 455
397 620
650 689
470 957
85 22
757 244
362 640
691 233
200 757
44 545
259 152
291 502
432 939
960 831
440 791
476 526
478 977
183 732
600 57
603 445
340 918
133 564
359 32
374 143
31 513
995 947
305 562
247 962
912 369
680 993
386 764
942 5
636 992
485 919
809 461
533 109
480 290
102 654
602 718
708 976
695 273
503 690
682 512
479 647
641 547
