348
278 47
413 160
225 643
578 519
274 774
722 787
636 375
909 936
533 724
937 597
996 573
832 453
142 848
377 326
894 109
554 622
458 783
915 714
214 275
214 229
485 740
976 617
669 720
942 960
820 467
353 169
821 206
973 257
256 759
250 188
639 436
845 438
321 612
864 396
836 357
594 138
331 371
821 922
772 369
819 561
973 568
280 584
18 4
35 769
596 327
181 520
516 68
998 464
166 336
109 492
499 344
658 409
97 995
728 33
92 602
857 211
655 365
400 343
639 195
746 400
871 866
743 119
770 716
226 42
995 849
473 975
769 263
925 952
340 304
996 132
916 345
785 269
893 234
650 955
892 911
254 824
972 257
666 287
178 708
600 599
450 840
726 494
602 631
447 968
494 276
746 313
969 680
117 114
89 317
694 289
126 329
460 754
463 876
637 794
2 70
132 799
316 115
990 671
577 421
900 595
704 375
936 663
435 599
537 897
65 89
279 798
359 641
844 611
539 304
333 505
813 92
722 974
969 513
940 90
538 854
620 458
710 656
794 30
707 477
362 21
15 99
925 187
986 69
132 350
489 459
220 864
125 141
469 864
485 761
481 733
328 352
830 185
245 384
328 720
571 423
404 277
31 655
689 144
681 903
615 846
589 685
247 925
452 582
269 500
620 892
439 781
78 996
21 724
605 295
711 423
4 480
452 135
28 641
228 926
551 953
154 144
753 222
864 656
196 996
117 984
181 363
296 250
893 930
741 790
86 99
521 837
732 54
48 759
604 502
544 781
547 758
307 47
204 866
673 439
189 827
84 35
707 495
187 733
861 302
778 993
175 34
348 853
854 725
739 693
861 418
55 63
232 912
655 861
855 108
110 813
362 486
81 239
866 387
338 159
917 832
870 254
301 62
505 429
747 122
282 231
972 858
145 466
257 212
128 890
708 106
794 146
405 640
657 19
932 308
660 77
838 169
634 833
779 180
983 887
116 704
7 85
848 104
352 928
833 730
408 152
739 255
60 995
967 9
286 310
121 567
839 753
782 247
40 156
39 612
124 473
61 893
390 11
37 827
648 231
631 593
694 40
465 359
244 406
599 333
636 249
418 450
437 680
118 981
60 672
260 889
808 283
888 739
29 277
508 28
448 402
732 832
672 471
190 380
788 526
506 24
460 595
256 975
505 34
983 153
359 103
327 2
963 182
393 807
961 800
514 734
887 183
934 724
699 522
333 974
529 622
285 538
52 939
923 984
899 469
11 649
627 497
675 488
74 129
116 912
271 662
777 393
933 762
386 640
840 791
730 343
345 141
964 214
399 120
44 281
377 603
181 370
364 491
230 199
469 882
758 393
872 58
183 337
209 156
780 109
948 457
500 418
868 749
234 699
816 368
199 649
610 815
447 174
949 944
644 240
212 739
117 494
921 336
559 10
783 141
904 464
82 410
145 337
545 368
982 476
395 189
583 646
342 350
333 304
616 311
370 192
150 646
745 434
927 98
235 357
769 769
342 418
475 754
599 798
963 200
80 805
768 555
410 357
237 338
588 893
18 321
371 51
744 786
441 360
466 579
400 266
962 561
631 218
789 402
